35.295433044433594
21.074722290039062
18.21396255493164
9.34658432006836
5.121567726135254
2.815924644470215
6.180429458618164
1.9438552856445312
1.9298722743988037
1.4195061922073364
2.602745532989502
1.3233815431594849
1.3046798706054688
1.2970181703567505
1.0651965141296387
0.9100463390350342
0.7719014883041382
1.185304045677185
1.0049892663955688
0.9778754115104675
0.9326046705245972
0.8718557953834534
0.9374521970748901
0.6193204522132874
1.0363564491271973
1.2998449802398682
0.8085860013961792
1.0058165788650513
0.8265693783760071
0.7970831990242004
0.8764609694480896
1.2374207973480225
0.9593809843063354
0.634387731552124
0.955133318901062
0.7355180382728577
1.0153634548187256
0.6797258853912354
0.7055694460868835
0.7134711146354675
0.8593882322311401
0.42460206151008606
0.7440200448036194
0.8096359372138977
0.6888182163238525
0.6817168593406677
0.6485699415206909
1.0226267576217651
0.6368863582611084
0.5299302339553833
0.5658412575721741
0.533646821975708
0.5815142393112183
0.48619455099105835
0.3854961097240448
0.6704155206680298
0.8792293667793274
0.41113731265068054
0.5796524882316589
0.5946155190467834
0.4281022250652313
